0 473 40 9 193 246 421 113 156 298 40 67 296 242 183 209 98 31 133 415
473 0 351 135 159 219 52 25 209 420 367 303 462 178 442 240 361 475 132 46
40 351 0 21 205 371 259 5 134 134 168 6 394 185 285 142 168 78 345 352
9 135 21 0 449 25 399 128 116 427 114 339 454 244 308 54 325 307 87 415
193 159 205 449 0 465 457 87 70 478 63 269 294 63 341 355 494 279 443 365
246 219 371 25 465 0 106 391 268 485 141 417 499 229 134 211 80 100 307 220
421 52 259 399 457 106 0 384 277 61 266 42 245 458 157 178 288 249 225 177
113 25 5 128 87 391 384 0 414 13 331 329 269 115 462 437 16 309 122 355
156 209 134 116 70 268 277 414 0 30 347 157 223 223 244 116 391 471 123 239
298 420 134 427 478 485 61 13 30 0 55 266 342 359 471 61 450 101 255 4
40 367 168 114 63 141 266 331 347 55 0 356 49 24 497 312 82 425 228 410
67 303 6 339 269 417 42 329 157 266 356 0 164 177 273 272 441 277 379 137
296 462 394 454 294 499 245 269 223 342 49 164 0 303 460 450 323 142 186 241
242 178 185 244 63 229 458 115 223 359 24 177 303 0 486 194 474 451 388 433
183 442 285 308 341 134 157 462 244 471 497 273 460 486 0 481 255 134 344 319
209 240 142 54 355 211 178 437 116 61 312 272 450 194 481 0 483 419 459 352
98 361 168 325 494 80 288 16 391 450 82 441 323 474 255 483 0 319 97 3
31 475 78 307 279 100 249 309 471 101 425 277 142 451 134 419 319 0 70 492
133 132 345 87 443 307 225 122 123 255 228 379 186 388 344 459 97 70 0 38
415 46 352 415 365 220 177 355 239 4 410 137 241 433 319 352 3 492 38 0