0 474 264 474 168 422 229 448 455 177 417 249 309 92 40 383 381 206 402 393 7 217 313 406 361 436 258 17 118 423 188 499 221 257 4 437 229 262 333 336 499 320 415 145 146 97 392 200 415 440
474 0 21 284 466 101 30 51 429 56 361 477 142 129 237 280 153 267 267 292 478 133 346 157 22 183 326 9 345 112 382 90 376 442 385 461 286 54 129 7 362 212 96 462 245 470 97 359 410 482
264 21 0 59 158 474 373 423 498 253 78 332 135 93 315 39 44 202 248 5 456 459 337 462 257 275 115 111 152 271 98 316 17 89 256 342 366 275 211 235 380 355 354 136 75 190 376 229 348 67
474 284 59 0 489 280 203 137 237 182 141 339 72 320 258 29 454 183 418 468 135 368 228 86 449 320 281 109 1 388 401 464 467 444 444 201 138 319 408 470 118 337 486 239 396 421 74 454 332 255
168 466 158 489 0 315 5 284 133 406 295 174 218 221 27 128 152 241 406 257 271 156 42 342 40 455 126 146 94 234 488 357 300 453 186 259 92 409 332 42 290 10 15 107 394 120 114 402 52 412
422 101 474 280 315 0 64 464 489 411 131 282 111 495 461 244 102 102 58 270 464 498 39 195 249 491 81 29 309 414 271 123 168 281 182 15 465 288 437 243 427 495 480 5 129 315 310 474 367 252
229 30 373 203 5 64 0 32 42 11 371 415 198 307 172 453 424 167 310 449 152 128 458 219 254 16 425 107 373 308 287 473 321 239 183 159 452 93 356 239 442 492 309 47 494 149 46 279 416 336
448 51 423 137 284 464 32 0 348 371 173 273 130 104 11 338 195 468 304 281 447 293 261 471 442 275 69 185 419 297 434 367 323 144 418 421 27 67 455 51 211 237 162 376 491 406 32 442 309 336
455 429 498 237 133 489 42 348 0 60 194 492 277 57 142 196 239 396 158 225 313 142 359 243 379 14 223 9 220 346 248 19 97 189 73 87 104 338 466 146 32 185 371 409 389 230 125 265 4 285
177 56 253 182 406 411 11 371 60 0 197 247 442 28 187 494 66 317 29 138 113 138 234 347 183 67 418 262 173 260 282 250 104 79 463 119 106 314 133 11 482 197 484 114 349 181 113 356 82 473
417 361 78 141 295 131 371 173 194 197 0 419 286 443 62 61 160 400 481 435 247 93 121 477 26 397 491 340 297 142 424 14 434 286 138 30 236 167 430 464 364 281 109 139 325 282 317 127 65 471
249 477 332 339 174 282 415 273 492 247 419 0 7 498 175 364 251 283 245 321 468 313 98 381 30 162 221 82 85 495 406 408 409 23 262 103 119 173 332 292 493 43 217 57 479 160 444 131 129 230
309 142 135 72 218 111 198 130 277 442 286 7 0 228 88 217 220 294 466 412 137 71 453 243 113 363 290 252 412 371 247 410 156 192 45 289 339 23 371 310 56 428 146 192 493 208 286 109 298 486
92 129 93 320 221 495 307 104 57 28 443 498 228 0 330 431 280 186 211 342 2 218 146 98 385 414 180 456 314 257 92 216 347 416 476 249 300 464 456 90 293 234 462 396 214 130 152 293 294 323
40 237 315 258 27 461 172 11 142 187 62 175 88 330 0 60 279 99 308 407 445 408 106 117 351 331 86 458 298 440 447 3 109 478 432 79 111 158 228 137 432 105 299 490 24 332 156 89 494 353
383 280 39 29 128 244 453 338 196 494 61 364 217 431 60 0 387 456 304 443 75 324 455 127 180 391 307 188 203 322 376 150 204 473 116 486 35 259 79 350 24 178 401 70 88 277 277 174 439 203
381 153 44 454 152 102 424 195 239 66 160 251 220 280 279 387 0 335 484 209 229 458 455 447 162 419 198 79 41 273 142 51 103 450 232 121 285 210 407 116 100 497 366 270 290 343 268 183 217 254
206 267 202 183 241 102 167 468 396 317 400 283 294 186 99 456 335 0 379 448 225 412 327 153 21 179 398 339 203 17 343 95 388 175 229 263 311 375 90 328 371 299 459 209 452 220 288 79 270 368
402 267 248 418 406 58 310 304 158 29 481 245 466 211 308 304 484 379 0 288 146 142 144 349 247 10 31 33 57 263 379 377 399 90 298 21 307 180 323 445 373 355 37 350 166 64 411 426 86 84
393 292 5 468 257 270 449 281 225 138 435 321 412 342 407 443 209 448 288 0 404 179 380 88 341 434 172 351 407 367 142 324 233 261 35 207 354 359 68 100 108 321 318 379 69 201 7 142 27 286
7 478 456 135 271 464 152 447 313 113 247 468 137 2 445 75 229 225 146 404 0 427 172 232 85 286 330 99 146 80 345 293 402 308 311 470 363 18 143 223 115 328 5 481 363 420 66 351 247 302
217 133 459 368 156 498 128 293 142 138 93 313 71 218 408 324 458 412 142 179 427 0 472 428 226 493 278 267 144 77 18 124 453 382 229 137 5 332 70 174 122 433 458 345 71 40 285 242 438 43
313 346 337 228 42 39 458 261 359 234 121 98 453 146 106 455 455 327 144 380 172 472 0 204 285 454 306 141 164 172 298 148 72 425 241 118 284 224 392 431 310 402 334 183 324 273 489 136 237 370
406 157 462 86 342 195 219 471 243 347 477 381 243 98 117 127 447 153 349 88 232 428 204 0 24 313 310 431 423 342 264 410 229 128 430 56 382 376 311 226 248 266 307 128 208 440 379 17 140 473
361 22 257 449 40 249 254 442 379 183 26 30 113 385 351 180 162 21 247 341 85 226 285 24 0 419 50 69 115 144 262 50 447 288 124 499 491 481 185 21 429 43 51 402 451 275 89 443 485 375
436 183 275 320 455 491 16 275 14 67 397 162 363 414 331 391 419 179 10 434 286 493 454 313 419 0 168 277 132 183 426 407 143 436 71 234 498 96 9 347 353 394 232 309 125 268 5 87 81 418
258 326 115 281 126 81 425 69 223 418 491 221 290 180 86 307 198 398 31 172 330 278 306 310 50 168 0 323 316 275 83 96 431 490 203 342 447 50 25 399 94 168 303 288 326 5 362 306 496 361
17 9 111 109 146 29 107 185 9 262 340 82 252 456 458 188 79 339 33 351 99 267 141 431 69 277 323 0 169 74 374 477 97 293 242 298 381 40 475 436 216 499 379 286 209 205 139 78 75 432
118 345 152 1 94 309 373 419 220 173 297 85 412 314 298 203 41 203 57 407 146 144 164 423 115 132 316 169 0 319 253 151 245 255 365 4 76 469 41 161 190 118 482 483 161 297 499 233 453 146
423 112 271 388 234 414 308 297 346 260 142 495 371 257 440 322 273 17 263 367 80 77 172 342 144 183 275 74 319 0 283 246 279 135 219 5 477 171 193 210 135 203 55 149 393 260 207 215 301 1
188 382 98 401 488 271 287 434 248 282 424 406 247 92 447 376 142 343 379 142 345 18 298 264 262 426 83 374 253 283 0 159 238 127 5 55 192 90 423 241 291 7 191 92 463 33 322 334 337 474
499 90 316 464 357 123 473 367 19 250 14 408 410 216 3 150 51 95 377 324 293 124 148 410 50 407 96 477 151 246 159 0 407 32 382 123 182 378 62 301 221 326 171 201 295 61 200 330 378 397
221 376 17 467 300 168 321 323 97 104 434 409 156 347 109 204 103 388 399 233 402 453 72 229 447 143 431 97 245 279 238 407 0 400 98 14 14 452 325 475 56 51 161 393 151 148 202 268 274 186
257 442 89 444 453 281 239 144 189 79 286 23 192 416 478 473 450 175 90 261 308 382 425 128 288 436 490 293 255 135 127 32 400 0 182 288 60 339 46 348 226 146 383 384 323 37 229 188 436 233
4 385 256 444 186 182 183 418 73 463 138 262 45 476 432 116 232 229 298 35 311 229 241 430 124 71 203 242 365 219 5 382 98 182 0 240 327 221 473 314 99 106 352 29 117 244 271 281 125 455
437 461 342 201 259 15 159 421 87 119 30 103 289 249 79 486 121 263 21 207 470 137 118 56 499 234 342 298 4 5 55 123 14 288 240 0 275 348 356 433 413 423 468 153 498 50 117 346 193 41
229 286 366 138 92 465 452 27 104 106 236 119 339 300 111 35 285 311 307 354 363 5 284 382 491 498 447 381 76 477 192 182 14 60 327 275 0 292 188 77 239 241 92 499 454 101 152 447 137 383
262 54 275 319 409 288 93 67 338 314 167 173 23 464 158 259 210 375 180 359 18 332 224 376 481 96 50 40 469 171 90 378 452 339 221 348 292 0 191 224 193 73 459 490 63 77 191 337 37 149
333 129 211 408 332 437 356 455 466 133 430 332 371 456 228 79 407 90 323 68 143 70 392 311 185 9 25 475 41 193 423 62 325 46 473 356 188 191 0 147 493 308 124 174 20 159 130 53 137 32
336 7 235 470 42 243 239 51 146 11 464 292 310 90 137 350 116 328 445 100 223 174 431 226 21 347 399 436 161 210 241 301 475 348 314 433 77 224 147 0 18 242 273 292 68 479 173 26 483 197
499 362 380 118 290 427 442 211 32 482 364 493 56 293 432 24 100 371 373 108 115 122 310 248 429 353 94 216 190 135 291 221 56 226 99 413 239 193 493 18 0 332 439 479 64 394 246 194 349 306
320 212 355 337 10 495 492 237 185 197 281 43 428 234 105 178 497 299 355 321 328 433 402 266 43 394 168 499 118 203 7 326 51 146 106 423 241 73 308 242 332 0 101 464 312 346 500 29 451 491
415 96 354 486 15 480 309 162 371 484 109 217 146 462 299 401 366 459 37 318 5 458 334 307 51 232 303 379 482 55 191 171 161 383 352 468 92 459 124 273 439 101 0 283 220 427 315 277 105 239
145 462 136 239 107 5 47 376 409 114 139 57 192 396 490 70 270 209 350 379 481 345 183 128 402 309 288 286 483 149 92 201 393 384 29 153 499 490 174 292 479 464 283 0 206 420 14 354 56 499
146 245 75 396 394 129 494 491 389 349 325 479 493 214 24 88 290 452 166 69 363 71 324 208 451 125 326 209 161 393 463 295 151 323 117 498 454 63 20 68 64 312 220 206 0 258 192 333 9 20
97 470 190 421 120 315 149 406 230 181 282 160 208 130 332 277 343 220 64 201 420 40 273 440 275 268 5 205 297 260 33 61 148 37 244 50 101 77 159 479 394 346 427 420 258 0 137 7 48 200
392 97 376 74 114 310 46 32 125 113 317 444 286 152 156 277 268 288 411 7 66 285 489 379 89 5 362 139 499 207 322 200 202 229 271 117 152 191 130 173 246 500 315 14 192 137 0 91 66 68
200 359 229 454 402 474 279 442 265 356 127 131 109 293 89 174 183 79 426 142 351 242 136 17 443 87 306 78 233 215 334 330 268 188 281 346 447 337 53 26 194 29 277 354 333 7 91 0 258 253
415 410 348 332 52 367 416 309 4 82 65 129 298 294 494 439 217 270 86 27 247 438 237 140 485 81 496 75 453 301 337 378 274 436 125 193 137 37 137 483 349 451 105 56 9 48 66 258 0 492
440 482 67 255 412 252 336 336 285 473 471 230 486 323 353 203 254 368 84 286 302 43 370 473 375 418 361 432 146 1 474 397 186 233 455 41 383 149 32 197 306 491 239 499 20 200 68 253 492 0